60
272
36 53
1 31
13 33
15 30
50 52
18 26
27 59
33 45
2 39
16 38
19 55
44 45
11 51
29 32
20 29
2 57
17 21
22 35
31 38
9 17
6 48
14 31
48 54
21 46
49 53
3 40
1 15
4 57
8 39
7 19
19 39
34 58
19 48
18 28
42 50
30 57
7 37
18 37
8 11
22 28
12 27
23 36
6 50
11 16
4 32
49 55
4 41
4 50
27 45
15 25
41 44
30 41
33 40
8 50
9 49
0 46
16 42
19 59
25 54
3 17
39 46
38 48
29 45
22 39
13 58
9 21
12 38
15 55
21 41
49 57
8 25
10 22
1 19
1 28
8 43
36 59
30 52
25 47
6 36
43 55
46 54
14 28
5 25
20 44
31 44
26 57
3 37
49 59
18 53
19 27
34 46
53 59
47 52
50 51
28 48
10 42
9 44
11 41
25 40
33 44
0 50
29 31
0 59
2 56
6 38
24 53
35 53
40 49
18 46
15 59
34 39
17 32
34 48
10 26
37 44
9 37
25 33
30 47
11 43
5 57
28 59
9 55
0 52
26 34
41 53
5 11
13 46
12 26
6 40
21 29
4 22
24 55
26 52
31 39
33 58
38 45
49 54
18 57
1 16
28 34
9 30
1 25
25 26
16 23
30 40
3 53
14 53
6 15
19 49
30 49
5 59
30 58
41 46
0 54
13 39
21 22
5 13
12 28
26 45
21 40
35 57
21 49
1 9
7 59
18 59
19 24
36 40
28 36
31 53
36 49
9 32
0 29
45 52
22 59
37 57
0 47
24 32
20 25
18 25
3 18
4 17
33 53
7 43
15 56
17 20
8 17
34 36
39 50
39 59
37 41
20 55
31 55
28 47
9 43
37 59
2 37
5 54
32 38
7 18
12 14
18 27
6 37
10 53
25 51
7 45
15 58
5 20
10 25
17 40
22 54
12 53
14 50
9 45
14 59
41 43
32 40
7 20
41 52
6 30
32 49
18 29
44 48
44 57
17 24
20 41
8 30
45 49
9 29
11 26
5 40
56 58
23 55
3 52
5 49
7 13
52 54
43 51
33 50
25 55
16 52
48 59
36 39
49 58
11 19
28 35
14 45
4 44
32 44
43 44
4 7
1 38
15 37
18 24
25 39
33 43
35 49
26 46
41 56
52 56
10 59
1 56
35 58
25 57
17 19
8 16
9 15
22 42
6 55
54 56
4 37
13 15
23 59
