200
1013
6 192
52 159
104 197
143 179
41 168
84 148
116 180
35 115
59 82
68 112
117 163
8 18
136 176
5 83
6 48
17 85
37 152
120 159
58 95
121 133
97 175
78 171
61 100
10 27
80 113
14 177
26 142
50 109
129 164
19 103
2 32
26 151
7 147
19 112
59 185
59 194
48 157
40 162
154 193
22 46
41 154
51 100
53 119
105 166
93 173
44 168
87 148
33 177
14 136
191 196
34 151
17 80
69 81
37 147
15 110
120 154
138 199
147 171
32 190
26 119
140 141
86 170
160 199
80 108
150 182
15 137
89 175
36 169
15 146
47 187
48 152
2 45
39 94
63 150
31 90
14 19
0 121
103 106
16 56
23 104
94 155
146 193
40 184
155 171
44 145
108 157
28 48
36 61
117 135
128 135
47 70
56 137
168 189
74 182
28 75
68 111
5 82
161 168
90 126
49 134
113 137
39 62
36 164
17 160
154 156
36 191
9 174
11 116
40 152
24 46
31 94
43 59
131 172
165 174
1 53
112 186
1 71
24 73
36 38
87 120
65 83
127 156
149 198
17 43
54 181
179 194
28 52
57 88
64 136
38 84
2 161
20 197
160 180
6 33
120 153
130 185
86 160
69 89
42 72
26 118
21 49
97 169
7 114
58 98
101 121
79 130
118 192
7 123
19 88
88 197
98 143
62 68
119 166
30 97
131 149
36 177
59 179
32 36
71 153
69 183
48 160
20 89
43 54
72 90
131 176
1 48
84 101
131 185
104 168
6 181
28 38
57 74
85 154
93 167
46 101
26 104
96 178
101 107
26 122
107 196
35 189
39 52
65 190
70 156
46 195
92 171
102 117
77 182
20 75
58 178
51 53
16 32
50 183
5 193
10 110
33 112
84 96
21 156
104 163
16 50
144 199
105 137
164 177
72 112
30 195
62 175
56 104
145 191
38 65
103 185
32 143
38 74
66 145
6 14
14 116
37 118
31 196
168 192
16 153
61 66
160 188
58 79
19 60
78 146
82 98
11 56
70 142
19 69
31 34
130 193
1 182
101 129
65 194
30 87
77 168
21 115
82 134
94 99
52 93
94 108
123 144
16 18
24 31
100 188
6 144
35 40
56 81
81 165
1 56
72 107
2 119
64 103
31 164
54 175
122 193
103 189
137 191
70 110
49 87
70 119
4 183
98 101
107 168
82 93
16 157
107 177
0 51
18 99
150 157
126 199
9 127
31 38
163 194
57 185
12 43
17 158
58 159
104 126
7 193
41 106
34 67
64 80
61 182
105 118
19 176
115 162
108 123
5 12
81 169
145 172
17 23
19 194
11 190
57 68
67 109
79 83
42 43
71 79
50 56
72 196
78 127
79 92
95 198
28 117
126 176
59 132
30 59
88 168
171 184
77 140
111 142
11 64
71 115
52 74
75 85
33 79
81 137
13 30
61 168
144 175
34 62
56 62
64 75
27 175
61 177
1 46
14 65
50 186
56 80
103 161
86 90
137 163
32 119
84 157
108 136
167 182
70 91
189 191
59 109
88 145
59 118
28 112
36 125
163 166
171 179
37 197
38 162
82 110
83 84
33 65
15 178
60 91
33 74
6 120
44 74
41 96
25 79
53 61
175 185
69 176
61 172
152 192
133 188
31 131
125 184
108 113
94 178
39 153
75 183
126 130
72 168
51 145
87 166
126 148
59 104
84 188
56 169
0 27
24 146
34 178
57 143
53 191
64 191
90 91
99 158
28 116
147 198
15 155
31 32
100 150
50 131
151 186
80 144
26 173
61 140
79 176
81 118
50 149
123 133
81 127
79 194
0 139
22 50
91 159
54 119
125 179
103 142
83 173
37 66
185 193
74 115
30 179
75 169
4 127
11 175
85 115
155 189
7 34
72 154
15 47
158 194
70 81
95 165
99 135
33 199
56 164
0 22
117 180
71 73
22 171
28 102
148 158
65 151
77 116
120 185
40 76
14 176
139 198
11 49
60 63
69 130
14 194
129 181
61 126
141 146
18 155
52 68
121 186
52 77
141 164
62 109
98 193
30 138
82 176
27 151
79 189
7 182
14 41
75 155
19 165
166 184
18 20
20 139
24 100
35 109
15 51
118 125
59 85
78 98
63 64
64 181
139 184
68 142
120 189
49 147
121 163
132 163
79 157
59 188
3 198
133 137
80 143
110 144
121 181
27 137
132 190
79 184
19 151
146 192
60 161
12 121
150 172
21 197
33 162
59 71
116 187
5 72
136 174
36 96
33 198
51 197
68 128
136 192
86 182
139 197
21 71
120 193
92 122
38 151
70 183
101 161
36 190
10 61
165 173
20 93
3 22
79 179
12 89
42 139
31 102
82 175
73 117
90 188
110 166
2 75
131 189
22 53
66 87
23 116
75 154
143 172
84 132
15 23
35 90
47 55
136 142
87 137
127 173
96 115
143 199
35 108
34 140
29 34
64 153
48 56
129 130
0 16
25 189
9 83
45 167
113 131
184 191
153 194
18 149
101 165
125 132
134 199
20 88
31 88
101 174
23 84
19 132
14 26
162 199
84 118
63 184
51 93
44 143
52 156
13 85
33 152
105 168
7 23
36 59
59 61
54 193
96 119
188 193
37 131
46 118
58 83
14 147
15 112
49 123
7 117
80 101
13 197
16 193
150 193
161 193
54 67
63 143
23 70
28 185
32 48
83 130
4 75
40 159
92 197
1 60
66 77
112 193
72 120
81 187
53 116
65 90
136 141
68 95
2 159
38 91
136 159
120 142
138 178
6 40
66 180
49 109
22 155
77 91
7 103
78 145
120 160
27 81
35 183
49 127
78 163
18 121
47 157
50 101
153 175
18 130
19 95
25 26
27 108
71 151
6 143
91 129
17 189
40 154
41 119
115 166
50 195
83 143
40 172
75 139
106 108
116 149
16 71
105 158
68 81
64 129
38 77
85 179
13 160
130 178
15 111
24 178
161 165
66 193
59 154
17 148
10 23
76 197
8 90
99 199
39 68
47 170
102 106
94 102
90 150
13 25
48 144
146 149
162 166
9 171
20 82
72 83
29 149
58 185
77 198
82 155
115 152
105 135
52 141
25 124
57 67
64 115
2 140
9 45
46 94
54 196
49 90
24 155
14 132
97 148
126 184
138 186
50 73
88 176
19 67
30 67
99 176
190 196
55 160
10 18
161 178
46 188
91 101
46 197
9 157
119 190
75 152
102 119
183 193
52 109
4 69
5 186
29 153
75 120
60 131
61 185
45 79
81 163
104 156
115 156
56 88
108 126
115 174
73 168
10 139
54 173
157 158
22 113
22 122
168 176
78 121
97 134
58 63
32 163
99 171
71 100
134 138
76 178
100 145
161 173
71 127
5 154
21 117
17 165
131 150
24 42
45 74
52 122
35 51
133 196
73 154
54 150
105 134
137 166
122 177
39 170
114 173
145 188
14 95
0 197
32 131
57 75
122 195
84 178
18 65
43 149
89 116
79 81
52 150
30 39
106 196
160 176
130 172
11 44
47 128
4 194
47 137
9 120
88 175
46 169
118 188
88 184
171 191
5 140
1 8
123 132
6 123
80 161
104 128
112 141
8 160
110 180
44 104
56 69
125 187
164 169
127 129
27 191
11 183
11 192
95 173
89 102
23 166
18 60
3 108
84 182
59 107
130 158
8 43
1 156
35 158
47 123
11 48
30 61
9 133
60 80
6 109
77 160
21 107
69 156
52 85
75 87
115 132
7 190
39 133
27 177
56 73
81 157
2 102
14 67
37 78
102 198
46 56
32 121
78 88
178 184
106 177
70 102
170 189
23 179
13 144
27 42
53 180
34 176
11 34
63 72
64 189
126 173
79 98
40 79
82 103
4 13
6 95
58 133
69 133
77 146
182 199
23 35
26 171
4 31
44 67
57 186
58 151
21 111
69 151
34 41
8 141
42 143
141 176
18 185
69 169
53 63
80 169
34 59
42 161
0 155
83 171
15 27
84 145
91 193
24 103
18 32
12 147
23 147
75 185
66 127
75 194
167 179
44 188
15 63
26 63
114 185
186 192
67 110
96 146
107 146
9 87
28 100
16 144
3 174
129 161
139 196
80 119
163 172
15 157
26 157
33 53
61 124
38 168
140 197
61 142
98 191
2 65
61 151
79 196
62 125
73 125
71 192
25 85
144 176
73 134
85 99
48 199
84 131
0 159
15 22
75 162
4 120
15 31
85 117
143 189
31 146
83 184
155 191
41 178
60 191
17 77
47 90
10 190
106 176
108 195
118 141
178 192
17 95
92 107
48 82
129 156
121 152
37 180
129 165
151 165
97 194
121 161
67 190
113 157
33 48
132 170
148 187
42 124
52 70
18 166
144 153
30 149
20 114
37 45
11 145
91 165
83 161
0 154
54 134
43 106
53 138
94 188
106 153
64 147
59 78
1 118
35 120
33 187
34 152
72 169
178 187
88 132
108 199
76 139
38 122
117 177
57 135
6 62
140 142
76 157
58 118
151 169
113 170
33 61
82 164
25 57
50 141
39 104
54 93
79 177
110 146
102 151
74 80
54 111
43 74
60 154
23 114
84 130
