100
447
7 17
67 68
55 84
29 32
29 41
36 89
21 46
40 59
21 55
50 91
61 91
42 96
33 38
41 51
13 65
4 96
32 96
18 21
47 57
88 95
17 53
18 30
28 62
48 49
0 9
80 90
31 72
22 23
54 92
32 55
43 64
3 37
17 39
47 52
1 94
36 61
47 61
38 89
58 67
8 84
11 89
0 98
62 82
54 78
23 72
1 53
16 51
1 71
65 74
1 89
47 56
46 88
57 88
58 71
18 96
58 80
27 83
42 81
0 75
11 93
54 73
23 67
24 41
72 90
35 50
65 69
5 27
9 25
17 47
9 43
49 97
58 75
69 84
80 93
19 74
39 52
31 48
20 57
4 49
11 97
4 58
56 86
56 95
28 33
26 72
68 96
6 23
15 90
26 90
82 98
39 47
94 99
23 57
41 93
20 70
12 66
32 44
16 27
53 76
35 49
4 80
34 81
37 77
5 17
57 64
68 82
68 91
15 85
18 81
27 77
0 78
20 56
31 56
11 87
23 52
23 61
13 44
45 76
16 49
45 85
46 50
37 81
17 23
14 88
49 55
15 71
18 67
8 32
18 76
8 41
50 56
79 92
30 50
71 88
71 97
82 97
12 20
45 53
13 30
37 76
3 83
26 48
65 67
86 99
67 95
15 66
38 68
63 70
18 80
0 41
60 64
21 91
52 69
12 42
1 5
60 91
33 92
72 74
16 30
34 66
56 75
5 11
3 78
14 78
46 58
14 96
19 22
28 98
8 40
11 36
63 74
8 49
52 55
4 24
44 78
37 39
3 46
85 97
18 25
15 38
15 47
86 98
70 81
26 56
26 65
17 84
36 97
48 62
17 93
0 31
8 44
10 62
22 36
74 83
37 52
37 61
24 91
26 42
7 38
67 89
28 70
8 12
5 95
6 60
11 35
29 89
4 14
62 86
73 86
2 44
25 46
44 68
14 27
85 87
2 80
13 86
3 63
14 63
67 75
17 65
55 91
17 74
70 89
17 83
28 83
63 68
10 34
6 82
44 45
73 81
73 90
51 62
10 70
74 82
2 75
74 91
13 72
1 79
17 51
36 73
9 56
48 56
29 52
40 52
6 68
62 85
73 85
54 81
2 52
43 71
32 80
36 41
16 72
28 46
38 96
28 73
8 91
42 93
20 65
0 96
39 78
73 89
84 86
3 30
43 75
28 32
88 92
17 50
46 86
17 68
69 78
6 49
40 51
50 92
54 62
31 87
4 79
32 61
84 99
64 93
87 95
65 85
5 43
17 45
46 81
6 17
15 84
38 86
38 95
21 24
5 70
80 91
61 87
8 81
31 46
27 94
39 59
75 98
24 34
4 74
1 68
16 66
5 29
46 67
5 38
88 91
15 79
6 21
26 97
42 69
27 80
12 55
23 55
34 79
1 63
3 91
37 93
46 89
38 85
42 55
18 97
31 36
0 67
11 94
12 59
4 55
25 96
35 42
45 83
45 92
5 19
65 79
5 37
9 35
79 81
49 89
8 48
18 92
42 59
82 95
11 53
29 98
12 27
11 71
4 50
41 99
1 26
53 64
56 69
38 39
86 97
3 90
14 90
46 70
3 99
68 79
26 73
49 75
0 39
82 99
29 93
52 67
21 98
11 75
41 76
25 68
60 98
44 81
16 19
14 58
34 73
64 86
22 80
14 76
49 61
70 93
49 70
79 80
18 82
48 83
48 92
12 17
6 95
41 80
4 40
34 50
37 46
10 92
74 95
34 68
25 99
32 98
37 64
3 71
14 71
15 45
3 89
38 56
59 88
8 24
28 91
7 68
29 83
52 66
21 97
44 62
22 34
33 80
53 58
34 54
10 96
7 18
67 69
55 76
18 54
28 86
4 12
10 46
25 44
4 21
44 66
1 6
25 71
3 34
14 43
37 54
66 90
35 84
7 13
15 26
16 89
55 71
15 44
47 76
36 94
0 19
9 86
30 32
40 64
21 60
62 79
6 89
62 88
34 44
66 76
74 89
2 82
