300
1350
6 192
72 137
258 264
17 58
269 273
175 266
73 218
65 134
209 264
6 84
89 198
149 249
53 281
38 238
91 164
84 125
155 185
276 295
92 245
104 219
91 249
116 193
129 132
34 160
114 232
40 54
102 114
27 120
165 170
37 250
63 159
67 278
100 226
140 262
128 144
227 266
12 198
143 272
68 129
208 289
169 181
60 274
178 266
31 67
163 223
131 190
49 237
17 25
187 207
53 127
17 290
238 294
61 103
153 186
159 266
111 189
29 156
69 192
129 243
95 101
264 287
76 87
8 218
79 278
138 184
47 145
39 61
2 259
72 94
3 260
90 228
0 191
137 196
126 186
138 197
188 283
207 296
253 263
293 299
86 235
37 230
63 139
117 259
231 244
83 117
223 240
14 246
66 293
17 28
57 64
153 297
104 261
75 234
88 173
48 100
104 297
65 189
69 195
2 105
154 239
84 180
198 281
56 197
136 226
242 244
20 280
100 160
113 215
141 197
205 298
30 180
225 276
289 296
136 203
281 292
19 63
49 171
181 210
16 259
91 173
82 204
17 260
7 66
27 44
79 91
17 116
55 227
0 148
17 237
29 211
202 282
175 265
52 194
167 181
218 226
109 176
103 281
101 171
78 224
125 156
190 285
14 59
266 280
70 76
128 166
71 77
9 102
15 145
21 76
81 90
52 292
32 234
54 109
125 169
49 259
103 150
195 233
1 102
77 97
97 191
138 229
36 181
114 280
160 247
25 288
126 254
64 279
125 146
148 278
141 239
84 150
110 251
73 220
45 158
6 50
9 92
21 66
61 102
228 279
12 246
172 198
44 49
184 209
197 291
284 296
37 275
88 97
101 295
102 260
136 173
8 253
20 227
40 56
60 263
140 143
185 294
132 139
16 193
15 148
1 213
47 180
183 226
48 181
40 177
86 293
187 196
36 292
264 299
76 99
117 137
28 59
79 290
125 257
12 200
193 275
50 83
17 171
32 34
190 242
46 234
273 276
286 295
58 208
101 249
18 251
71 263
51 168
101 285
157 186
228 246
20 217
138 209
29 122
112 156
51 60
1 59
33 128
5 29
90 253
101 262
85 174
51 181
97 148
169 173
0 72
139 230
111 168
190 232
69 171
93 299
133 192
211 291
104 165
7 232
113 250
51 158
47 124
112 290
118 184
123 299
241 291
188 285
98 211
131 159
120 266
86 273
38 53
27 43
166 238
72 194
8 295
134 142
218 284
49 183
59 233
37 65
30 205
131 257
237 275
143 231
259 299
170 221
62 279
182 195
73 288
13 14
152 172
44 81
212 223
143 208
100 283
67 106
112 257
87 200
52 62
219 239
85 95
101 219
54 144
193 222
247 279
32 125
64 157
183 294
28 91
8 33
63 85
108 236
40 101
72 282
2 74
169 251
161 247
16 274
3 75
7 45
33 183
47 81
88 119
18 54
42 268
148 169
38 154
203 221
284 295
74 76
11 136
224 280
30 149
225 245
82 196
95 135
106 144
78 82
277 291
15 291
54 219
139 177
83 282
129 169
66 229
52 294
125 135
1 248
202 238
194 234
31 127
50 226
204 284
183 261
96 113
214 248
137 230
103 273
142 201
87 265
7 156
34 295
124 188
81 226
128 158
74 187
177 279
251 265
150 182
168 230
169 195
142 178
45 245
79 158
84 93
14 257
162 192
154 188
20 108
47 61
250 277
2 175
102 262
29 49
70 166
170 253
75 281
73 91
38 219
129 257
39 183
104 200
245 288
196 283
127 183
14 126
39 219
85 186
5 77
79 112
157 211
8 88
25 257
178 270
121 230
133 204
35 77
28 38
27 222
39 196
49 97
155 264
178 247
71 121
170 243
2 21
57 222
183 218
1 61
181 257
144 226
220 221
27 55
18 86
72 206
207 287
9 159
196 250
61 205
235 241
137 200
95 203
135 239
41 232
1 159
12 25
71 111
210 269
115 297
68 185
25 260
93 278
192 257
23 299
58 177
90 209
88 285
87 91
39 163
49 64
22 110
16 152
17 117
218 286
215 217
7 188
140 223
97 261
37 67
76 287
110 200
83 183
22 87
8 189
86 108
112 246
158 213
78 104
104 278
57 166
39 297
141 165
45 48
58 167
22 64
54 133
30 184
111 258
37 80
43 123
40 234
42 280
76 156
60 68
23 266
62 114
80 162
44 96
75 169
129 289
40 211
111 271
24 123
130 141
170 177
62 235
88 144
53 186
93 222
138 230
113 173
39 107
171 263
82 185
266 271
158 180
99 130
30 259
200 218
211 227
161 226
106 290
205 269
16 253
36 231
163 272
143 177
7 24
5 243
158 193
198 229
164 236
56 145
15 293
228 257
133 285
11 259
46 137
77 124
114 271
213 250
205 246
70 201
76 244
3 31
66 87
43 103
42 224
15 270
235 273
173 298
198 242
0 263
228 270
97 195
91 121
242 290
14 17
125 150
3 273
18 23
204 299
18 288
20 218
39 231
23 223
157 223
119 196
125 127
64 116
81 205
174 253
95 225
41 254
23 236
184 190
170 255
62 84
48 149
107 235
146 163
57 234
15 237
135 153
176 191
41 146
39 185
105 167
29 257
268 273
16 174
10 14
116 261
167 263
99 208
111 182
69 185
202 220
87 90
140 245
36 44
9 27
227 249
46 94
226 290
121 124
17 152
108 270
80 171
144 192
81 172
267 299
179 186
48 260
31 292
6 119
13 15
5 10
28 259
245 293
51 162
104 254
229 285
95 205
190 213
263 283
80 161
46 205
24 266
212 237
165 241
82 243
19 43
251 286
62 270
15 194
215 219
255 292
56 82
119 287
52 197
197 206
17 96
127 227
25 216
210 261
40 115
138 278
214 236
21 223
40 236
41 201
81 237
133 284
119 120
37 167
46 172
171 288
177 182
83 175
155 200
146 231
72 165
218 219
1 141
48 73
187 268
20 240
180 229
39 253
125 293
12 272
86 221
59 204
240 279
117 294
82 187
153 247
175 271
41 191
247 296
39 230
30 261
218 232
66 220
27 112
213 239
192 216
184 212
89 203
87 279
39 122
223 288
121 277
147 149
159 160
117 163
125 283
58 113
10 36
7 147
107 234
25 281
213 252
19 121
78 207
31 95
84 107
202 242
140 267
117 140
174 265
251 256
94 272
20 243
159 258
10 49
28 183
95 129
88 90
44 163
279 295
144 250
57 102
116 188
108 184
0 242
61 72
20 220
60 256
39 233
58 103
142 182
33 275
154 156
72 266
39 89
171 245
143 146
202 232
6 177
204 278
113 276
18 267
120 135
79 283
185 264
24 167
35 176
109 162
118 210
91 113
116 286
142 195
53 86
98 237
35 68
7 235
81 184
87 115
127 151
181 271
17 56
21 26
228 239
70 147
190 212
95 240
44 274
200 262
92 171
17 177
50 174
283 296
113 230
13 292
144 217
120 125
6 252
11 218
130 175
75 239
107 191
175 182
62 161
25 130
44 228
218 264
16 166
87 226
148 205
32 259
24 26
34 76
24 291
39 154
9 19
54 170
208 228
154 257
173 270
12 173
13 138
32 151
24 147
90 92
136 208
47 130
151 187
74 269
125 171
16 35
162 238
54 147
94 183
60 190
130 142
80 140
200 242
4 38
154 211
156 171
107 135
259 269
270 278
9 94
179 276
46 161
31 261
41 82
132 200
152 178
45 52
48 206
40 238
81 239
214 274
136 211
85 245
13 226
167 284
1 251
73 127
213 287
39 134
65 272
224 296
36 245
77 246
15 271
202 277
80 251
105 201
170 181
82 297
262 264
199 244
78 183
97 196
10 48
255 261
53 275
73 104
22 58
247 262
49 277
183 277
1 120
17 101
2 201
57 137
66 222
78 196
10 61
35 234
136 286
194 227
106 114
52 143
111 229
3 287
175 250
187 224
198 233
155 277
113 131
137 259
73 94
213 254
205 250
102 157
223 267
95 118
154 204
50 232
124 181
116 177
135 190
210 220
57 127
77 105
103 243
12 241
10 51
87 271
22 25
147 285
66 297
52 133
31 110
10 136
8 212
198 223
46 95
97 140
76 117
60 258
280 298
46 216
139 294
5 34
50 222
9 41
108 163
12 195
4 191
143 269
0 77
199 286
111 173
124 292
91 115
82 146
68 211
175 194
187 204
70 293
249 264
195 293
207 267
117 230
101 136
65 219
24 38
50 176
108 297
34 88
98 252
108 153
206 279
18 79
190 191
148 194
53 222
207 280
118 202
37 214
29 130
200 277
59 238
43 293
59 274
88 157
105 246
230 277
37 227
138 279
49 201
150 253
78 264
85 123
77 268
8 25
19 34
24 149
178 207
278 294
19 299
93 248
140 180
31 273
219 244
86 245
53 68
70 237
71 202
90 215
154 236
20 156
32 130
69 277
96 151
27 280
19 47
71 94
170 216
210 252
41 71
46 186
149 278
14 53
133 190
47 86
60 205
214 263
72 179
104 248
77 114
240 257
21 106
73 116
24 260
88 281
154 226
66 113
64 188
138 223
76 162
148 187
141 148
1 253
151 277
15 44
41 182
155 204
214 253
18 278
66 211
5 115
151 169
97 198
47 197
5 200
79 186
37 40
5 236
111 254
32 110
164 229
147 176
50 100
205 239
22 37
254 280
76 273
42 217
188 191
2 180
109 163
15 119
239 272
151 159
85 299
71 172
198 212
298 299
9 53
54 204
21 27
199 213
6 47
41 270
62 64
170 271
36 191
47 200
132 244
3 279
35 82
21 184
61 220
76 83
165 277
168 202
160 198
6 289
159 239
90 139
9 151
38 214
223 259
14 265
5 36
164 209
116 169
260 262
26 95
84 222
28 141
242 250
118 214
12 53
28 177
100 202
58 205
153 293
193 249
90 93
48 276
53 211
167 233
22 223
130 287
175 209
34 90
5 26
131 251
75 207
162 275
79 97
81 286
33 246
134 149
205 209
21 128
148 232
233 276
24 282
97 266
104 162
22 92
30 212
23 173
95 198
88 159
10 239
71 106
170 228
156 293
190 206
28 144
21 105
113 188
37 229
58 172
24 30
215 235
47 242
54 138
154 225
2 127
95 175
114 188
4 173
2 212
55 138
85 246
1 23
53 299
134 260
100 267
258 295
207 249
11 45
160 253
72 289
224 274
36 223
5 235
193 206
85 115
58 247
75 187
35 114
155 216
207 226
72 181
278 286
170 195
8 282
81 266
109 185
12 23
81 122
90 207
23 117
182 290
35 91
141 258
116 201
58 116
54 262
15 154
13 230
34 289
194 241
121 293
41 184
127 187
206 251
167 180
37 150
170 185
2 192
136 192
126 227
4 9
36 190
61 134
101 170
134 204
31 111
52 170
82 278
47 91
0 245
146 299
66 190
85 203
10 29
150 189
189 260
54 72
144 145
83 135
47 212
123 207
141 261
191 198
76 131
257 292
15 121
129 143
66 203
11 267
79 142
177 299
190 238
139 272
39 105
37 261
71 174
104 171
116 145
40 186
195 209
102 246
29 33
94 242
72 259
118 226
219 278
68 225
109 263
14 254
283 299
1 55
115 193
9 32
14 110
39 203
12 186
6 26
137 217
102 259
14 146
26 120
132 138
19 81
119 168
2 257
82 137
140 227
131 178
121 250
125 220
45 111
115 291
96 198
0 81
51 275
35 38
13 285
50 203
97 134
29 265
176 284
41 239
167 235
34 236
40 130
89 251
42 176
15 222
215 247
12 153
12 189
90 108
219 258
56 231
77 174
75 101
121 217
73 140
173 227
44 113
101 238
155 215
67 102
50 278
135 236
156 295
23 296
49 205
37 51
113 226
13 288
12 143
177 210
183 290
6 248
67 115
210 243
68 159
0 61
32 242
192 231
90 183
18 194
93 108
30 168
17 235
131 220
126 141
158 210
69 281
86 190
15 166
120 219
51 88
3 48
148 286
74 108
46 275
71 219
55 94
50 281
49 136
19 293
32 232
104 108
113 193
273 294
32 88
217 250
36 238
94 179
148 299
198 236
49 293
64 156
76 130
187 263
99 150
192 198
81 101
220 296
73 97
18 161
233 235
128 298
14 47
99 271
174 185
