100
180
72 73
7 17
62 72
67 68
72 82
44 45
67 77
44 54
3 13
8 9
40 41
8 18
40 50
36 46
41 42
96 97
18 19
73 74
41 51
18 28
73 83
14 15
14 24
74 75
9 19
74 84
10 20
15 16
47 48
15 25
42 43
47 57
42 52
38 39
48 49
38 48
80 81
48 58
75 76
80 90
85 86
75 85
16 17
71 72
81 82
16 26
71 81
81 91
12 13
22 23
77 78
12 22
22 32
77 87
49 59
13 14
45 46
13 23
55 56
45 55
50 51
55 65
82 83
82 92
51 52
46 47
51 61
23 24
78 79
46 56
23 33
78 88
83 84
19 29
24 25
56 57
79 89
56 66
20 21
52 53
20 30
52 62
57 58
89 99
53 54
30 31
53 63
25 26
30 40
85 95
90 91
25 35
26 27
21 22
26 36
31 32
86 87
21 31
86 96
17 18
27 28
17 27
27 37
54 55
64 65
54 64
5 6
60 61
50 60
60 70
87 88
97 98
87 97
1 2
1 11
28 29
93 94
28 38
83 93
88 89
88 98
24 34
84 85
61 62
84 94
61 71
2 3
2 12
57 67
62 63
94 95
3 4
58 59
35 36
58 68
35 45
95 96
31 41
36 37
91 92
68 69
63 64
68 78
63 73
32 33
32 42
4 5
64 74
4 14
59 69
69 79
0 1
5 15
10 11
65 66
0 10
65 75
37 38
92 93
37 47
6 7
6 16
33 34
43 44
98 99
33 43
43 53
70 71
70 80
29 39
34 35
39 49
11 12
66 67
34 44
76 77
11 21
66 76
76 86
7 8
