225
420
166 181
198 213
15 30
67 68
47 62
99 100
107 122
159 160
139 154
8 9
40 41
199 214
48 63
100 101
80 95
132 133
140 155
192 193
172 187
41 42
73 74
81 96
133 134
173 188
22 37
106 107
114 129
166 167
15 16
47 48
206 221
55 70
107 108
147 162
199 200
48 49
80 81
140 141
81 82
173 174
22 23
114 115
206 207
55 56
147 148
207 208
21 36
113 128
205 220
54 69
181 182
146 161
87 102
214 215
179 194
28 43
88 103
120 135
21 22
180 195
29 44
61 76
113 114
121 136
153 168
205 206
2 17
54 55
62 77
94 109
146 147
154 169
3 18
35 50
87 88
95 110
127 142
28 29
187 202
36 51
88 89
68 83
120 121
128 143
180 181
160 175
61 62
69 84
121 122
101 116
153 154
2 3
161 176
213 214
10 25
62 63
94 95
102 117
154 155
3 4
35 36
194 209
43 58
95 96
127 128
135 150
187 188
36 37
68 69
76 91
128 129
160 161
168 183
220 221
69 70
101 102
161 162
10 11
102 103
43 44
135 136
76 77
9 24
168 169
42 57
134 149
75 90
16 31
108 123
9 10
49 64
109 124
42 43
201 216
82 97
142 157
23 38
75 76
83 98
115 130
16 17
175 190
56 71
108 109
116 131
49 50
208 223
57 72
109 110
167 182
89 104
149 164
201 202
50 51
30 45
82 83
90 105
142 143
200 215
23 24
182 197
83 84
141 156
115 116
123 138
175 176
24 25
56 57
64 79
116 117
174 189
156 171
208 209
57 58
167 168
97 112
207 222
30 31
189 204
90 91
148 163
200 201
182 183
31 32
141 142
123 124
181 196
106 121
215 216
64 65
122 137
174 175
156 157
5 6
97 98
189 190
148 149
63 78
222 223
4 19
122 123
37 52
70 85
11 26
63 64
4 5
44 59
37 38
196 211
155 170
96 111
18 33
70 71
130 131
188 203
11 12
170 185
129 144
163 164
203 218
162 177
144 159
196 197
103 118
155 156
137 138
195 210
96 97
18 19
177 192
136 151
188 189
118 133
170 171
77 92
129 130
111 112
169 184
221 222
151 166
203 204
110 125
162 163
144 145
202 217
51 66
103 104
85 86
143 158
195 196
177 178
136 137
118 119
77 78
210 211
169 170
151 152
110 111
202 203
25 40
51 52
143 144
17 32
50 65
25 26
24 39
84 99
17 18
176 191
117 132
209 224
58 73
150 165
31 46
91 106
183 198
32 47
84 85
217 218
124 139
176 177
5 20
65 80
117 118
157 172
6 21
58 59
191 192
98 113
150 151
190 205
39 54
91 92
131 146
183 184
32 33
165 166
72 87
124 125
164 179
216 217
65 66
198 199
157 158
6 7
139 140
197 212
98 99
190 191
39 40
172 173
131 132
223 224
72 73
38 53
197 198
130 145
71 86
163 178
12 27
104 119
13 28
45 60
105 120
137 152
38 39
46 61
78 93
138 153
19 34
71 72
79 94
111 126
12 13
171 186
20 35
52 67
112 127
13 14
45 46
204 219
53 68
105 106
85 100
145 160
46 47
26 41
78 79
86 101
138 139
19 20
178 193
27 42
79 80
119 134
171 172
20 21
52 53
60 75
112 113
152 167
204 205
1 16
53 54
93 108
145 146
26 27
185 200
86 87
126 141
178 179
27 28
186 201
211 212
60 61
152 153
1 2
212 213
93 94
185 186
193 208
126 127
59 74
186 187
218 219
0 15
92 107
219 220
184 199
33 48
125 140
34 49
66 81
193 194
158 173
7 22
67 82
99 114
0 1
159 174
191 206
8 23
40 55
92 93
100 115
132 147
184 185
33 34
192 207
41 56
73 88
125 126
133 148
165 180
34 35
14 29
66 67
74 89
158 159
7 8
