64
210
24 33
41 49
25 32
18 26
35 42
44 45
20 29
8 9
14 22
31 38
40 41
9 17
2 11
27 34
53 62
15 23
41 42
30 39
18 19
47 55
25 34
42 50
35 44
14 15
5 12
9 10
38 46
48 56
1 8
27 36
6 13
16 24
33 40
42 43
12 20
29 36
5 14
22 30
38 39
39 46
0 9
48 49
49 57
1 10
13 21
16 17
7 14
45 53
55 63
33 42
44 51
12 13
3 10
22 23
51 59
29 38
46 54
23 31
49 50
13 14
19 27
36 43
45 46
50 51
51 52
3 12
20 28
4 11
46 47
52 60
14 21
9 16
40 49
19 20
10 17
36 45
24 25
37 44
53 61
30 38
47 54
56 57
25 33
42 49
32 41
20 21
26 34
43 50
52 53
4 13
21 29
38 45
14 23
31 39
57 58
17 25
34 41
10 19
27 35
11 18
53 54
30 31
37 46
25 26
54 62
6 15
26 27
21 22
12 19
43 52
5 13
50 58
38 47
49 56
17 18
1 9
27 28
34 43
11 20
28 36
45 52
54 55
24 32
41 48
5 6
18 25
51 58
12 21
29 37
60 61
44 53
23 30
1 2
8 17
2 10
19 26
28 29
45 54
15 22
41 50
3 11
29 30
18 27
35 43
51 60
52 59
61 62
2 3
9 18
19 28
36 44
62 63
30 37
3 4
32 40
58 59
35 36
26 33
42 51
4 12
21 28
52 61
22 29
0 8
17 24
48 57
10 18
36 37
37 45
54 61
13 20
6 14
32 33
55 62
16 25
4 5
33 41
26 35
43 51
50 57
59 60
21 30
0 1
46 53
22 31
10 11
39 47
17 26
34 42
49 58
11 19
28 35
37 38
54 63
6 7
13 22
7 15
33 34
43 44
50 59
44 52
20 27
46 55
8 16
34 35
11 12
2 9
40 48
28 37
53 60
